3
3
82 69 60
131 69 60
196 157 96
50
A332 2 22800 24000 26400 25200 25200 25200 1 1
B744 2 22800 24000 26400 25200 25200 25200 2 2
A343 2 22860 24060 26460 25260 25260 25260 1 1
A343 2 23040 24240 26640 25440 25440 25440 1 1
B744 2 23280 24480 26880 25680 25680 25680 2 2
B738 1 23400 24600 27000 25800 25800 25800 1 1
A343 2 23460 24660 27060 25860 25860 25860 1 1
B744 2 23580 24780 27180 25980 25980 25980 2 2
XXXX 0 23700 24900 27300 26100 26100 26100 0 0
A333 2 23700 24900 27300 26100 26100 26100 1 1
A320 1 23700 24900 27300 26100 26100 26100 1 1
B77W 2 23700 24900 27300 26100 26100 26100 3 3
A333 2 23940 25140 27540 26340 26340 26340 1 1
B77W 2 23940 25140 27540 26340 26340 26340 3 3
B772 2 24000 25200 27600 26400 26400 26400 2 2
A320 1 24000 25200 27600 26400 26400 26400 1 1
A320 1 24000 25200 27600 26400 26400 26400 1 1
XXXX 0 24060 25260 27660 26460 26460 26460 0 0
XXXX 0 24120 25320 27720 26520 26520 26520 0 0
XXXX 0 24180 25380 27780 26580 26580 26580 0 0
A318 1 24300 25500 27900 26700 26700 26700 0 0
B738 1 24300 25500 27900 26700 26700 26700 1 1
A321 1 24600 25800 28200 27000 27000 27000 1 1
B744 2 24600 25800 28200 27000 27000 27000 2 2
A320 1 24900 26100 28500 27300 27300 27300 1 1
A320 1 24900 26100 28500 27300 27300 27300 1 1
A319 1 24900 26100 28500 27300 27300 27300 0 0
XXXX 0 25080 26280 28680 27480 27480 27480 0 0
A321 1 25200 26400 28800 27600 27600 27600 1 1
XXXX 0 25200 26400 28800 27600 27600 27600 0 0
B744 2 25320 26520 28920 27720 27720 27720 2 2
B77W 2 25440 26640 29040 27840 27840 27840 3 3
B744 2 25500 26700 29100 27900 27900 27900 2 2
B77W 2 25560 26760 29160 27960 27960 27960 3 3
A319 1 25800 27000 29400 28200 28200 28200 0 0
A320 1 25800 27000 29400 28200 28200 28200 1 1
XXXX 0 26040 27240 29640 28440 28440 28440 0 0
CRJ7 1 26100 27300 29700 28500 28500 28500 0 0
XXXX 0 26220 27420 29820 28620 28620 28620 0 0
XXXX 0 26340 27540 29940 28740 28740 28740 0 0
E145 1 26400 27600 30000 28800 28800 28800 0 0
A319 1 26400 27600 30000 28800 28800 28800 0 0
B77W 2 26460 27660 30060 28860 28860 28860 3 3
B772 2 26520 27720 30120 28920 28920 28920 2 2
B772 2 26520 27720 30120 28920 28920 28920 2 2
XXXX 0 26640 27840 30240 29040 29040 29040 0 0
A320 1 26700 27900 30300 29100 29100 29100 1 1
B772 2 26820 28020 30420 29220 29220 29220 2 2
A333 2 27000 28200 30600 29400 29400 29400 1 1
XXXX 0 27000 28200 30600 29400 29400 29400 0 0
0
